0.8511887513683062 0.9012390463682015 1.3465370705612496 
1.5198981490644583 0.47826516091162063 0.2798917366785578 
0.5793615830184431 0.7339792270583845 1.2758382482036799 
1.2812033938537044 0.7559697121118691 0.0654932865629462 
1.4037780809053737 1.038707337100115 0.825395657180318 
1.4636483102661069 0.02532143242246887 1.5174933057536177 
0.12431887438789217 0.05686617650202993 1.8735535256439457 
0.45028317608188767 1.6866972372762614 0.23521725192731613 
0.22035718246949199 0.37715032697538076 2.0171435274079133 
0.19105130490417924 0.41817929482938015 1.8424488184475598 
0.3107266039348086 1.3388297510793215 1.422024715489101 
0.34886215847621105 0.6938999366097305 1.3328482117168128 
0.12183053832296861 1.7899853775141177 1.072339794419361 
1.3630268619479027 0.6193161141182997 1.0992788736198582 
0.5042967198457355 0.04615006506722886 1.1863395419139833 
0.758166313592874 0.311003680050782 1.6542163278909225 
0.41440723341996255 0.7632848141791215 1.3791371012618672 
0.6419100983752907 1.6859889383622861 0.5190832901453567 
0.4716213939437011 0.22724536337799198 1.7681327234812405 
0.7182912739075477 0.12865341741131925 1.5908099471921637 
0.4128944099294373 0.47832321201315225 1.4055646036722294 
1.6964807756357523 0.36419289377988256 0.3370508159418783 
0.06341812640047356 0.3714523456108301 1.2691981574745586 
1.335593776035564 0.2778256485653105 0.8689927821766247 
0.5104949295922585 1.81568660289472 1.2638364401303508 
0.6744841743315835 0.2890352350398323 2.0940210307010325 
0.4617574658742171 1.0227440612497687 1.2502241541877173 
0.28258375862853247 0.057308875404208384 1.5761908304426453 
1.190729717971178 0.46702081701489473 1.060357610447933 
1.1726012591039356 0.510591494014513 1.3434415130364314 
0.9707463323256227 1.0433836780724894 1.4743387780197381 
1.6943022816749596 0.6772280451855286 0.9519496993127408 
0.09279611904509466 2.3682655177634455 0.28894110477379487 
1.1275371932957654 0.04192789645537888 1.7190924430926071 
0.47895892253365063 1.752607530034551 0.31125572661350054 
1.958026325162413 0.8818696780738217 0.10729674599840103 
0.15584449053639687 1.2520387133148008 1.689022786916434 
0.220408417564197 0.292740501874644 1.891796191478095 
0.0032560045318272873 0.0016873382949471381 1.734145260793801 
0.9409714478989275 0.765603535860184 1.157258828019014 
0.4917992588631696 1.0125412626850765 1.0095294629402831 
1.1420719010206062 0.24144818184549716 1.708758948599378 
0.219230697623251 0.06222806936350011 1.4618765755094285 
1.2585862298792274 0.3066168739466425 1.058954261556131 
1.1243859233144244 0.7541781084823945 1.4260875290373447 
0.39511027235104934 2.3277695879385045 0.37600060737172797 
0.12508883481056018 0.023618314521934334 1.6131634371246706 
0.6458947960326974 1.7360052706424827 0.09751341087607024 
1.4754861339173266 0.8962164559683305 0.5884768396916448 
0.02086629311189486 0.009528446325029355 1.8075484867962985 
0.40392245189901155 0.46914582394375237 1.9539282690770359 
1.2872657326843981 0.5441002743402025 1.818714214105028 
0.18154447282417852 1.4241533373107513 1.3458593703731165 
1.4252108436783073 1.097595919135265 0.22159934890608748 
0.3293109235576594 1.3259882763792117 0.7992601538621318 
0.06367107872772228 0.2844630681215786 1.3012674767587644 
2.0845110165016383 0.03561396718239168 0.2408876163913085 
1.1017495354651032 1.256645820464175 0.18968877719396227 
0.42180086077994555 0.3124942525470173 1.860995587212235 
0.36525352965598695 0.21792204667661427 1.9218527386329614 
0.4013504771525659 0.40100617594505017 1.434102955218048 
0.11683719720597552 1.8275179452622035 0.6431133260665635 
1.3721727481928507 1.0538788350261417 0.4204458018886979 
1.075614613714523 1.161791667555737 0.11362805572521237 
1.0933358247440157 0.05199578181895515 1.1881233417819472 
0.10573678786037553 0.9238578085488809 1.2600196138194877 
0.8517691605234915 0.4543698515129008 1.341308103117818 
0.4189677042072102 0.017455684312212574 2.1107453929123294 
0.3323526731969982 1.8855586699945268 0.6459642253262744 
0.2249800079465161 0.616301146845445 1.8196627943829022 
0.9385601020208815 1.2996478892650274 1.5473628946212417 
0.9314763569739454 0.5776665057760106 1.3499729386020958 
0.42014946381172635 0.06920609068392777 1.918978912954624 
1.537382417463422 0.7757716860703511 0.11407894792717269 
0.48007542218939236 0.972541541351232 1.8337295521211732 
1.5618765454297934 1.0093413290399074 0.49377864237015906 
0.2488554418434117 0.2539166568467662 2.008816605116459 
0.6120148534968526 1.4574054657967694 0.45695496765159493 
0.06816423263054582 1.6237072926629252 0.1505298792880308 
0.16868288030265002 0.663325667374064 1.7706848046943209 
0.14056009202391245 0.1031849747351793 1.9033678202236033 
0.11490756113343434 1.879300302485635 0.4566181198630061 
0.7059160428346334 1.4492841856010623 0.7052760289137693 
1.2851372156344252 0.7639321497322226 0.8991871432484505 
1.8407982807145216 0.743216250342008 0.775155428826285 
0.024895741342629236 0.11340324147932382 1.9508071094770685 
0.03806586460937952 0.04067921479767033 1.69826331155335 
0.002535085276048744 0.02159915238267616 1.8512883068655468 
0.43457090657370673 1.154432951713664 1.5037520532142026 
0.22319504224648026 1.7572342064515338 0.26453047724468476 
2.2170280779519564 0.7152808279460187 0.17249044544890652 
0.31349089606120945 1.2686297351641695 1.2977355353139015 
0.7712998042424638 1.7023919664460812 0.6913871200470441 
0.18753365280193604 1.4452560826722745 0.8067137239195058 
1.6725281913782906 0.5591129470369299 1.0311815826470643 
1.6950142619916675 0.9617534242808276 0.9839228499246605 
0.2753570561148716 0.29533308814356285 1.712405201671539 
0.29766661228389135 1.7166323374633075 0.1357603424804986 
0.7216650041393624 2.109922600250988 0.6624534532721207 
0.49827353330978963 0.6188318482515002 1.298311516086378 
1.6274009439267674 0.7101672072383678 1.2693790094435493 
1.3188437293021469 0.3726330433534446 0.460640360348811 
0.36874881268167525 0.5460535915618825 1.5319208536770286 
0.41018243926015757 0.19802559426553867 2.0342964949941997 
0.13312011072577967 0.5397923322002243 1.6401242051459355 
