0.9988590683967666 8.236791676650709 
0.3866033567047015 8.807962891857818 
0.9993289245667337 8.746401763894234 
0.6307676092951408 8.480356144270274 
0.9999698306206027 8.345931564154526 
0.8709093120064744 8.367169425380773 
0.9953550263170349 8.708832602550004 
0.9744211744484931 8.863457091178274 
0.9900161804244823 8.591397771063548 
0.9962787589363209 7.9989430810052555 
0.999891193442599 8.31260276243533 
0.870071351032831 8.256614499127322 
0.9999890499759413 8.679981573279553 
0.29762768830395736 9.095919878216327 
0.8462574994012775 8.265295904623505 
0.9749514569275896 8.670795975440333 
0.44622383265509014 8.304432044653248 
0.8283892718897244 8.984628330356205 
0.8411420172436382 9.025651924533284 
0.8017760935463526 9.112914787557605 
0.9999796519732496 8.213139314688402 
0.9878155106636312 8.635007972034627 
0.9676715398498887 7.984501078522568 
0.9973793494142582 8.717865864956883 
0.9967536079396213 8.785887931012272 
0.9905450555665103 8.507920608209751 
0.4202022538798834 8.314332066602828 
0.9881677012717859 8.4376661335183 
0.31903687914891854 8.546853009694457 
0.9999999169533349 8.464936651494982 
0.9999983128246206 8.75867189103479 
0.9788012257536727 9.35678397261439 
0.9995863088130327 8.457022596098016 
0.9999998837493257 8.014441189765272 
0.9988833578404301 7.957342144454088 
0.6438124029247587 7.8138257422076105 
0.9900596505673116 8.721407786009554 
0.999999999959039 8.994594623190196 
0.9999999990802301 8.226938922214623 
0.9999528777600657 8.353641115861691 
0.9999319379104196 8.617340506404622 
0.683946659963385 8.454945011475473 
0.9999999365794293 8.345775752378458 
0.9267326988262801 8.822352198920749 
0.8636742726567004 8.822218208625877 
0.9984670895112622 8.706982039018461 
0.9983186396312931 8.316468268269496 
0.9874622575475119 8.689992160566897 
0.9964796201517463 8.222300106384756 
0.9999892897526819 8.869534091527477 
0.9896862380327285 8.756083400287553 
0.999987518613672 7.980112322129815 
0.9779727604693702 9.12338608479124 
0.9999574458987128 8.6471112442299 
0.9246544329969416 8.177057194179108 
0.9961303718757668 8.0608991857611 
0.9997963630437274 7.915021351821391 
0.991347790594275 8.53769601484594 
0.810475804083335 8.80359374851691 
0.9999748657661846 8.570748025820556 
0.6340652081170517 8.66050019214868 
0.9753970122898412 8.558194034848476 
0.7573052804830465 8.63752967041981 
0.9429227155159254 7.779743415517604 
0.9977716871981254 8.484515151108168 
0.78831812861704 8.51610663599743 
0.9999992417267618 8.510025493739937 
0.9399074570520994 7.85497144448141 
0.9984055447504628 8.736087858380172 
0.8244570821207238 8.347845535046705 
0.9027138330042658 8.946039761806876 
0.9746870258047908 8.584012359798207 
0.9793401041044659 8.223584143463862 
0.9792597642497082 8.75522870529907 
0.9757865813684719 7.665003400373846 
0.9931431207186917 8.473275789091186 
0.2932364279455161 8.844805143180585 
0.9983105031593393 8.522180550348114 
0.9868817616601512 8.31105559983674 
0.9056976660245746 9.04127140294016 
0.9935862853570007 8.343032486137725 
0.9774203167674584 8.27405921310246 
0.7583507948395796 8.032129912873595 
0.9999998592793335 8.941541644882616 
0.9872828334352405 8.563711222412524 
0.9698822312833829 8.68289943654378 
0.9997028967287047 8.841019428858464 
0.999659118818766 8.685161954431518 
0.9598537316902452 8.499486526702384 
0.9943087805085443 8.480313398904181 
0.7943773402334973 8.455081565722129 
0.998471730029549 8.662603196204541 
0.9676334500324092 8.898376519604321 
0.9999983153986408 8.365959442668402 
0.9999999999999425 8.390040796117573 
0.9999173542790897 8.740558221633329 
0.9985531565793683 8.332745533111385 
0.9267548463804043 8.777179322579798 
0.6516325877781886 8.8182172928973 
0.9999999230236929 7.920555125376412 
