0.1473219057387205 0.3648532913510145 0.5508327789880406 0.15182050575666284 0.9098676997304717 0.18612250503815053 0.38285754681173667 0.5831113065615737 0.05409792014719905 0.833274705075077 
0.06933259854974727 0.6809185899889783 0.08002541611937042 0.9133413098106181 0.06552653722726953 0.8449943090259757 0.7045172541370711 0.6773507065523587 0.31884949586448486 0.8571327063729449 
0.14900544818047412 0.7264350775367634 0.6563432593964299 0.16468570233409185 0.9725749387213809 0.2072858721625781 0.49531428036773795 0.41129179979626995 0.9901983089486283 0.6091025747908694 
0.24839980618233837 0.95678939477905 0.05032406899634323 0.08160698297687596 0.5134458836640102 0.5678868169884679 0.5155740130358119 0.4295812049024976 0.6619555954152514 0.6259891407486259 
0.1772717727539298 0.18995941553888374 0.5728243278441524 0.6157152654581823 0.202394321027477 0.4258016902630075 0.5715351746138378 0.9759486095672538 0.6257229500663243 0.07780252907299601 
0.3960952055212178 0.610160196602504 0.25907245636160314 0.7468461040326261 0.1905325109596705 0.3145292223546713 0.46922579601116465 0.6383746220926526 0.3419808827420038 0.6705484920023387 
0.953276341909239 0.9211557111463223 0.42810877939857317 0.6560029323211471 0.8793731830108635 0.10809426214482587 0.5601103610742292 0.2976260443524358 0.8631322161997925 0.4191926187629682 
0.13298207952323327 0.7014020969851049 0.6931265457981606 0.7793301772999489 0.7529102426592563 0.11627488093425942 0.39727080303482676 0.4178395983014658 0.7820424277617104 0.8927566498079068 
0.026088484356573294 0.7729171777036173 0.6482174262066245 0.9385540827885307 0.2951234642730993 0.035633683632727675 0.6222152895977701 0.4256040506557288 0.6340727006531467 0.459792554843642 
0.9554636519615827 0.13195516055006185 0.7988233792154589 0.20679652198565768 0.044289693230696536 0.4885573185537788 0.8796977820459918 0.862805022798926 0.08611944009321759 0.028530887228180757 
0.15369557631237207 0.19390618180554342 0.7329663002584175 0.051714044716422713 0.6231780278176005 0.9619427703958795 0.32051837357307245 0.45172263975952676 0.15489882732694282 0.6923139327569012 
0.04362174535543584 0.004301921439505918 0.8821883278983618 0.715084840040756 0.8213211813591772 0.12233233193086346 0.2213122574129155 0.6117132390904506 0.3908158644570847 0.22839648009883406 
0.8195254833290369 0.43482102155350977 0.7770127761065749 0.39066173153478745 0.9792865032108612 0.5074959151795615 0.9601602455397431 0.7276161325835262 0.12973221484165587 0.15433211053837992 
0.07675242946175431 0.966116958541939 0.6271436004347676 0.20044271705100558 0.9824667390011375 0.7686152562641114 0.7660290983082627 0.2234692427477747 0.4738022829139221 0.9133013517018642 
0.40090303218485457 0.8138908115652782 0.24325683619606198 0.23139607474480794 0.13593816863254582 0.6971341389965521 0.02181060310888394 0.8161347904508702 0.06500319001983534 0.9810614033742173 
0.9195375365062487 0.7330728079572701 0.9317873295548377 0.9517784577664264 0.18757861777043305 0.5667625813707758 0.5325235832074119 0.06924730571528526 0.854562771553489 0.19591367208761679 
0.09704913082529776 0.9779203568456046 0.2415974756250786 0.29141090057204666 0.22973093379015763 0.7610450852434439 0.6507922531535538 0.5791466714082102 0.12418704236262512 0.10052172882197952 
0.40517746696204526 0.5467100490706153 0.4097544610828674 0.30885894359258537 0.8065567381673707 0.7017482135962396 0.8452254465517373 0.438883273768361 0.7917078854404281 0.9407333338087857 
0.4276366623323312 0.6583688268682409 0.27516944328816684 0.9584184384507631 0.9797032986364566 0.9881966016963344 0.385546124809689 0.9090318164789589 0.7527358052109798 0.007570171020667482 
0.11523684515470889 0.6443225713395645 0.349615240551297 0.8127796228798847 0.9957255652228093 0.26718076249466294 0.8335023751131946 0.9225371311522226 0.3293814304651751 0.9953859254003125 
0.17658515655714668 0.3772515166825092 0.2732953045794072 0.04032806956543167 0.4919008741739175 0.4579033646691033 0.9733688911040745 0.9720751591299699 0.19938201607409867 0.18121645656108687 
0.623491766728453 0.31651150050430543 0.8469926005328215 0.0806768269329079 0.45272655948573326 0.6283051162943076 0.4288178527451939 0.29568533534923735 0.9625501712954947 0.9275427101302494 
0.7282551220013312 0.2497652409430351 0.12880111696231267 0.9239365722648328 0.027925950279536038 0.27341474449120806 0.3694263915174357 0.8169580694186679 0.45195681987394554 0.24384484892713632 
0.8718565554476627 0.4668081146383911 0.5923258693663295 0.7595168772476988 0.8041448956038783 0.3418573263639355 0.4281768427553453 0.8777416115178552 0.5269767391507233 0.35989148540202676 
0.9567282720644951 0.6133464811297216 0.7901856339154851 0.08002746089041812 0.38698172315337764 0.3945573303965294 0.22081412358898433 0.8888430506150519 0.9677996149432733 0.9937660180034549 
0.46407598359575886 0.10557906173355469 0.8774246105912296 0.7515410764731761 0.30472860110948397 0.9104434020441181 0.6809694352130777 0.2808111923177329 0.6877559785700392 0.02972652191375802 
0.0956272795862193 0.4450984199792466 0.8394905306720719 0.2244881844965918 0.010145285598731402 0.5263258665888203 0.7669651396424034 0.6936951037795303 0.058169229089203855 0.4074909927053233 
0.539974802130142 0.3278857204059641 0.9687841532920398 0.4634667265344905 0.6226760602677766 0.37234063035180553 0.37726004048913653 0.6192079711553489 0.11748254823541793 0.5924453092781303 
0.08861519919970284 0.12920209084862866 0.43921422794445586 0.2141183270133783 0.7762292758614434 0.02170969465914452 0.7528353386942576 0.535028692751107 0.7939996100051468 0.8155314597751152 
0.6612117031129419 0.18404650773832498 0.46880751006151944 0.9524004926967035 0.416753469934353 0.2854607607237575 0.8214014806234453 0.6165607343559276 0.7643056628856011 0.02221670004472387 
0.8435540830998478 0.269635079459703 0.8503170667078553 0.40132070872532455 0.375460784396056 0.976376970884926 0.4382103826467737 0.5374227494597978 0.5284993252480406 0.8887337073849736 
0.9281340965188202 0.7457824995666259 0.8937563685648924 0.36851481880081616 0.9115807718478943 0.9762909099177272 0.8870900379753685 0.8077347145622388 0.7246845248749739 0.704924385965375 
0.1504044052864758 0.9293894408939292 0.035952529044479986 0.5639369096054755 0.27033972267043904 0.47756865369810875 0.5674634445667153 0.08800594213843449 0.6462990893828505 0.9341302477050318 
0.8398372910293387 0.09070864590730832 0.22874884085044433 0.6643112127593102 0.34283269963307694 0.23544572228373628 0.2420030957900814 0.8456035082125621 0.8646485040135491 0.04541878474141736 
0.8657453007188891 0.7272939781888682 0.06931508513017293 0.11060707380974022 0.5108072978264661 0.2546570668443958 0.43285498101703945 0.38846358309122797 0.14641374726391398 0.8078921070256487 
0.25393803605673004 0.5285547922174931 0.11800657350275057 0.08808645233969203 0.003716792070509123 0.17892643355239468 0.621568225857411 0.7370094959660144 0.03262808476297907 0.7409312486011898 
0.1962072868566923 0.6918192412472357 0.6638508212344915 0.8433149226435562 0.06238879579993106 0.018488521377757694 0.8244412834347195 0.8577075209743501 0.6569237050034985 0.5434359289006877 
0.4986264548841405 0.6613209672983248 0.9167924178493252 0.45098634990864495 0.6218496130689827 0.8113828673911786 0.947866076704788 0.5602201175349664 0.09141328911804436 0.8560004278406977 
0.8304539486007009 0.05537785737545542 0.9053678407816608 0.7379229608483395 0.14801804978210298 0.42685782467281685 0.3854339182068881 0.6019224169593791 0.32434417825531925 0.41100443884901683 
0.15539903744544714 0.987895987238212 0.2077247990100506 0.5019828558407297 0.36711884583474863 0.06597301089054342 0.15252266728084773 0.6596207239010953 0.8889576847574834 0.4432741994532172 
0.4849889043122515 0.8282434655562616 0.055000458145869624 0.951891679184951 0.42348408745602917 0.4731769348420377 0.2126387327210898 0.3501634914913525 0.8556987422884061 0.7520686088795778 
0.2361343076505229 0.1350870790066353 0.7082839065076598 0.3299268097521729 0.04080824941124517 0.7039232540090237 0.4561260222244409 0.3413320668028266 0.6952699499651824 0.9525155104872143 
0.6719186161538717 0.9687498362168667 0.21364950555028128 0.0584470245884362 0.6703829893278789 0.6063205091524552 0.9649007386643742 0.027502262452615778 0.14867267822694497 0.5987441346700888 
0.5977025852134354 0.7045213752465602 0.33934468023846653 0.6198661201901748 0.6953668695940656 0.3470939508677956 0.5754410310294878 0.6971147114370944 0.4440947957730793 0.970731802448376 
0.04410185140406153 0.9066524669941967 0.37182866776810497 0.7390858226951451 0.7284157030019082 0.019146151021345315 0.9940752934597693 0.44353583125229346 0.6967358565068698 0.45965250173808825 
0.18762192861647353 0.6321184614484795 0.7402850065305384 0.8445300647831284 0.8872863190988161 0.12372209030970138 0.7156557779074031 0.33202555899477615 0.7281172178619636 0.1260829839742421 
0.637197701691602 0.6530487800542581 0.41160394651532684 0.7813368064312018 0.19203245624646137 0.22843461201243864 0.33645523873955485 0.5908409870570278 0.312392546409337 0.6847771029876784 
0.46205072876467157 0.8977962355505331 0.9985340934583127 0.49286300874912603 0.4842966875373982 0.2284648296863283 0.36911944076715286 0.17116070548962015 0.5466608990181775 0.8906647312450521 
0.632875179669598 0.2993850445906522 0.022589694252702852 0.9615464329784869 0.9446538051591773 0.2929174287312334 0.5580078738072647 0.42783366394371347 0.46693225758162693 0.010638712128240746 
0.98460004397246 0.38472216502775736 0.759317692785401 0.5086810736837044 0.14630561585352841 0.908118373535884 0.8789656590189789 0.2547891351577469 0.9335508300068487 0.790681321335017 
0.6249558526926164 0.2723751257626733 0.15007495748869226 0.5689877704930362 0.5547467489468755 0.3327334168578273 0.7176953122778356 0.8829836318046416 0.9426325139396388 0.830804661578468 
0.1576479041001384 0.9041918950510627 0.26118496028033666 0.11544427184600137 0.6525976577191419 0.2683266150265008 0.6522862537299259 0.27265573274749744 0.045726840392932955 0.32031623847655466 
0.4574895797205759 0.3360518518992809 0.3788417164024883 0.8940957816526613 0.8370948760720551 0.6254211097878598 0.8484591359696204 0.9238752382560899 0.9295499385905227 0.5107695174084927 
0.4861358089625113 0.22852819154998139 0.7158562374397095 0.7330168271449137 0.7286832846185354 0.03820008431031552 0.9071454224067015 0.30894877525934494 0.6763271901326765 0.6406311750013075 
0.28535214105976725 0.3821068235507805 0.14661601910507227 0.5531491324076648 0.6485481920731792 0.005880448625269041 0.8652219111327396 0.6715861976116493 0.5208845060656686 0.05965923756626357 
0.9550904207628891 0.3252391965672242 0.4714193738696165 0.27991180392652426 0.13882004373010515 0.043846934212691924 0.43421872004898276 0.8359709433481225 0.8260634643283401 0.2945333325475118 
0.8105498898711341 0.5740348565452966 0.26630532380696226 0.1901734865771605 0.8722957630403712 0.5220850715002822 0.1145689411752644 0.5622951394383365 0.004049465645962758 0.26244616640123175 
0.7870643425971863 0.6010695351358482 0.5248423343272643 0.2606570009102911 0.5023991589576868 0.010812655332056664 0.9074223425328718 0.6141839777261371 0.69827483234195 0.5815741755751679 
0.41424041592063765 0.08790429490796736 0.1034864742621826 0.7002196275373587 0.9121009524172147 0.9622228677430191 0.525682750862549 0.8607210641045425 0.20659821311825322 0.9236311431350511 
0.34485028296836495 0.3048993096133822 0.41388102373144475 0.8535668324041212 0.6842826059239191 0.8572644892235162 0.8859590181947812 0.050749973449978 0.6377355367411225 0.09845810609239725 
0.2510379334066025 0.9733113652696993 0.9393103304905007 0.6454188216456259 0.8671861258549217 0.22175272230504162 0.30382125027989615 0.5796921763891656 0.22671909131289048 0.0816240664696728 
0.9085359691864338 0.97524987924358 0.6194652512100869 0.37090218941246067 0.4656996069027691 0.26913554693191444 0.8524243000755175 0.33660665417303925 0.18801315711645206 0.664820582276766 
0.22860992298048322 0.5115451659883585 0.36631392890484027 0.1639880603088345 0.5360264091905838 0.6277581698661489 0.5855320038367636 0.6152381792646652 0.6352130331027651 0.789059933027015 
0.6036010922529756 0.034491801336971495 0.4715557410290595 0.4999501091054951 0.5057044467342039 0.11265441566438739 0.4840212230520957 0.23452002063458954 0.6429654054853002 0.10979856766750162 
0.18907609668950975 0.6727079069880905 0.5417776308414872 0.6950212201545679 0.8333051169800064 0.9385853807085419 0.24989296342261025 0.3175404232135375 0.056524436057770244 0.27173248538675254 
0.270720838930116 0.4155369403472129 0.8486756037141074 0.4948570138394216 0.21654613206963103 0.5017556242406398 0.43936022138500563 0.13971437491142202 0.7545317101905343 0.7377314992529459 
0.5071253161026364 0.34517215575457605 0.5837536858275902 0.9718254988021712 0.719459872496924 0.3025419722554895 0.07768762036859966 0.6758809692578928 0.6323944899227627 0.3305501662233725 
0.6025313366529073 0.019066230959501773 0.1314887210586818 0.39308809689001345 0.9578890840503672 0.09600822564114564 0.5176383251907328 0.6691310464694129 0.3194802771209527 0.12600254562550905 
0.146171782451758 0.47552380435324315 0.8806813229122308 0.05132843377406915 0.0964757761503392 0.6893196455823954 0.8878020552014693 0.5281246103033239 0.7862445742372799 0.8101124434088979 
0.40633360268349605 0.6021255307118268 0.3124152392619277 0.5072672310145944 0.17000986573000798 0.5412191859294087 0.14868953395147377 0.7371321361042007 0.7372968913388608 0.4209470555178091 
0.5807619169531973 0.9980601460925848 0.9305218904322612 0.12556070293499455 0.7951970345768729 0.5348556174349821 0.7973471699400383 0.3983812376890824 0.5272264864872356 0.6139535690391705 
0.9112356110816817 0.35346980067414213 0.9444192667816365 0.33139789656944985 0.3863103511832695 0.7430466250427492 0.2713384465656625 0.4645582677875768 0.549450006766916 0.7613227863260809 
0.9289980864171259 0.9387488331536921 0.8950975985839019 0.9096031107055634 0.021769419699709913 0.02100608486691702 0.20096683062642062 0.2675273939550189 0.16269204947349436 0.5611526082061635 
0.7202911552506945 0.2707498087803305 0.7922537906337171 0.5120489765863385 0.23493617137007627 0.12205400367910102 0.9362620561305943 0.7199305372046193 0.7101654249670697 0.9462730205396462 
0.6164636086358067 0.06356634251574711 0.23679456747036387 0.04878965708281702 0.47733551626637016 0.7070279321279249 0.4028121285563643 0.48549781131488445 0.14900378086309096 0.34025235530298803 
0.8811621399964549 0.5744400866307063 0.17614428313269725 0.7006559002671146 0.31001210817286684 0.2058063554588676 0.41847291384592267 0.8906245315649183 0.6731430308977718 0.5985935613043878 
0.07741663273541899 0.6882158127220127 0.5809534659475893 0.9974899604033638 0.8476692685659346 0.11667523320377826 0.8956296096988194 0.8540623803030797 0.20424421941759463 0.03601869291482429 
0.8685263180092982 0.9790604564726924 0.40044622590382506 0.42107043102309283 0.047835946420671016 0.3643087465229857 0.7189533154512047 0.20894721043844888 0.7117573115268431 0.8151997294080494 
0.782493916780498 0.3769028623901006 0.4895490185757225 0.9625590469017757 0.6428745225152755 0.5825339960583178 0.2113003246861278 0.5145590161829747 0.38726690280414167 0.005378770475322758 
0.04063244643177488 0.8658681569015396 0.5059212055494751 0.910254327624822 0.7479372906265085 0.08450588604305476 0.8363483415665388 0.6277192260597242 0.42949956984569915 0.9880746166767203 
0.1938649181179154 0.7737404997880414 0.33380405145504155 0.5577584385224901 0.5042592776063543 0.08489106805498381 0.21358523623092152 0.057781377751839 0.727478112114549 0.9945060307727398 
0.9039138976629479 0.5033576287607766 0.6677642604224491 0.5579611148726129 0.21154847583387937 0.18229460717253765 0.6706991383227674 0.2495526697768553 0.7631633825228799 0.28032689163723945 
0.26791038363909525 0.42456281045738054 0.3864868341749055 0.04794407623810404 0.6746613998913829 0.20531995668465097 0.06664217444878351 0.8633119925006028 0.5435766688143168 0.2794176784680019 
0.5053680792202832 0.15116583268660988 0.984279199412294 0.8206936986353096 0.87858001911755 0.873545233629324 0.8217847581532735 0.40459793202916283 0.4313260466813962 0.40023938888578015 
0.5406011863633604 0.2650063464061194 0.6241035202812618 0.7250518788380833 0.7727220627926796 0.4413053464441591 0.11943437137456958 0.8623102513867179 0.07327589073512564 0.8791859293584038 
0.7697061671177553 0.7644072335591214 0.8859229010313824 0.4827065374564371 0.04269908543130552 0.7894613003757474 0.5131103528197319 0.6791784194049401 0.6307140439770302 0.26310630990171036 
0.8089873042017587 0.6264553310704428 0.3272387232287689 0.4539048444093794 0.6389075512568285 0.8792541084795148 0.9427123815843658 0.7852390520799333 0.7702431293897203 0.06286023579796807 
0.8083888869360495 0.17627677904172967 0.8839774531644761 0.5106207245194841 0.5035031500799738 0.5386399094259982 0.8481471274002182 0.5652375387816669 0.6319623144600773 0.4158586563089036 
0.5535318216290516 0.1841335730956627 0.9128626248372865 0.016311368566291562 0.6963807750185245 0.5247105016161671 0.6570404761835251 0.3667888542259302 0.2396724678607215 0.9942911251498092 
0.8790723765689077 0.6193588799492296 0.6610829172916759 0.3373791530878121 0.7322122994273109 0.08872956736438975 0.7401260671167857 0.21443115431859916 0.2692189127127058 0.9026654370181609 
0.27128724397435133 0.29707271260505097 0.4413135762750483 0.46332727304950017 0.21617434548870373 0.5802736604634587 0.9730602761940959 0.7863257624379126 0.5179885838151385 0.13242082419222223 
0.14632149859380172 0.43950595154421856 0.636422918827221 0.38403393333280267 0.18962842425252913 0.9653724137787669 0.9898595701409568 0.7216925449820685 0.5501779838924388 0.13912804136272905 
0.7282812272657666 0.5160201393672275 0.8675776923715594 0.7915729918236167 0.5113161743309985 0.7349632027666814 0.4206501801149759 0.2944463790307804 0.9232294896165151 0.5655796332319023 
0.3261187891918226 0.7789117763437543 0.11397373064493888 0.2834378321166814 0.40721032303524984 0.7446276215514441 0.2764397060100655 0.6322774352334889 0.5067523507659953 0.5593380878374001 
0.6671809060425683 0.6450963092438617 0.6894944839682827 0.8551630837870802 0.15079114930314108 0.1033387405820021 0.7935052249201165 0.5458061612641953 0.2208961250963124 0.3537663645977084 
0.31947588700180984 0.9199847752878187 0.34598942309619074 0.33708580378625863 0.9451684547825288 0.5181609362612967 0.3273398456301094 0.17988944093281878 0.8089640224534539 0.8356460389120146 
0.6966205701840303 0.2795734116719173 0.9586504959777383 0.46523991814965393 0.50122518934994 0.7500114675759358 0.7812598350401408 0.2332427840296616 0.08628968367052703 0.17186718885865038 
0.4440534088767615 0.5007964198857561 0.1964116192947304 0.8196521543609192 0.8082964519779479 0.17003071627103672 0.5304918885853007 0.846404537041088 0.9931552380697019 0.40762335713657194 
0.24076073918215712 0.4854823565773265 0.08758345070450047 0.868959063047872 0.4363678862169158 0.499338364671837 0.15532323466720055 0.8181979139670275 0.9059851336853099 0.9946161539755083 
0.49517987096992466 0.3990346512038273 0.4204626670954683 0.38747089897874976 0.22312749716580682 0.14429988935810567 0.49308286467355233 0.035510929426160964 0.3424946973251932 0.9333080243109654 
