0.5262942496305913 0.5181772670383021 0.39103040865149463 0.009072714475371946 0.07661550923641658 0.628743224742384 0.8508117591495115 0.4788066061245022 0.43258714499186746 0.8148196640955745 0.5133013672887614 0.8927002926698886 
0.11069939542495533 0.19407982264740797 0.8283282725722755 0.40239084879516185 0.8663048861468617 0.2383849964236281 0.3591756150982278 0.4204241403846306 0.7480922917972809 0.29670565637969637 0.4006216269910211 0.10137835861376188 
0.5973512562664288 0.5746048813083812 0.2848541414129444 0.7824639811715323 0.9576297711025222 0.6343547019189869 0.5967116814326637 0.8449327202825107 0.3741812071650822 0.6275175757355536 0.5155864954386352 0.23999515086915157 
0.028009706265821332 0.3393620616656816 0.4677940449218425 0.4752240146460279 0.6561115476248568 0.6896764038045703 0.8178680903780899 0.9364886858924696 0.6662730379596118 0.27907214059389784 0.32396347681938376 0.33254544493226135 
0.2810906277670243 0.4055456501919248 0.1473086450814738 0.7548076724993993 0.6827287681164556 0.04767951353067057 0.9295825681979276 0.14399605987321995 0.7635128329159411 0.49348621903673673 0.836620358367265 0.6007335184765626 
0.5114496974838298 0.011012561202659699 0.9573631303458395 0.1587081164707177 0.8236249634841911 0.07483220229179866 0.17421070953248574 0.5278067846877962 0.5492561319783776 0.07842737197577809 0.5337594412146004 0.9572943686566038 
0.953629964906303 0.2731154953031568 0.9932846192978816 0.6139768882632408 0.35294211346035054 0.17179579041583426 0.21377288532072147 0.4306088214351612 0.5213413084970033 0.28897776213479553 0.12100941273525723 0.03362118344242426 
0.08526198394883389 0.833920159079851 0.41681807681924266 0.46880945926483586 0.6919615319544441 0.16516294857735292 0.8537989967333356 0.8115552769778854 0.9185379129434649 0.39679664267024983 0.1223521064102564 0.7323820351479665 
0.8642381254717869 0.6633731905893128 0.6729884186617302 0.665095252330657 0.9710213633590332 0.1607496545164271 0.06731774244630284 0.9749368287567636 0.6259673365844705 0.46582991036460375 0.5617193553811983 0.014058330088246307 
0.8443205842490937 0.7271779830539773 0.2947033736511052 0.8015246870822926 0.6714574097899121 0.746934521743227 0.6998944205059444 0.09247464825919482 0.5605664876755897 0.0363560100604613 0.0912429283362246 0.21059407682001174 
0.510837518943173 0.854818366026066 0.8841608796477206 0.10740600861674487 0.3730097866981733 0.8899766262103009 0.9786931361495395 0.6471481587186864 0.5274547089332778 0.05225753288204249 0.33888378337210423 0.32747520616674053 
0.6641146734548651 0.7034308383811839 0.22663793484589811 0.4874530750525029 0.44955200294534514 0.2866866616991972 0.38536756344288947 0.7414455108206561 0.856251589143653 0.43245344920437456 0.6007186036182195 0.9545688717573412 
0.3429614777901626 0.9567369109518195 0.034377033295744264 0.28939063405350496 0.7493423197120831 0.8424054089376656 0.8855449893222475 0.016225031870626405 0.14553370972845237 0.6128377194486145 0.632137579986929 0.8332744483496866 
0.40320306899143776 0.27150599037557965 0.39932940173857234 0.9783768353121008 0.11216735243585318 0.7273716683890491 0.45895302080620426 0.8709263939103243 0.8622499244467307 0.20080608346407314 0.7168885380325709 0.40397304395306444 
0.743157509554125 0.05809761496345056 0.27117585362208474 0.2870136903483782 0.24883751939855903 0.3250490874977643 0.49461248707254657 0.7092846562976136 0.2713231601991061 0.4752684286298159 0.5397353383484867 0.4867735572188632 
0.7071871457739598 0.24781875698011402 0.549077873621177 0.9400901804461893 0.6115121149830551 0.8685221853605363 0.8559019724096648 0.8325044444708596 0.36438801039916746 0.28664699158842977 0.7326634649127742 0.8827136177461328 
0.6422100538887645 0.6833478958572056 0.5850757355215682 0.14543975885599636 0.35188108421966047 0.6295197842595769 0.848348990717616 0.24745225465420584 0.7630538730966382 0.8141222054236891 0.20960698136359635 0.3556318517188024 
0.17835784354828765 0.7684062748905124 0.5964558361072754 0.6727475390024252 0.020625465003873855 0.9647522629891503 0.547301096581773 0.43900154590472007 0.03494139133940488 0.6917298437236711 0.37950388752307895 0.8446580506429163 
0.8167429669174397 0.2858506583887561 0.7168101655907343 0.8489249992444127 0.08736875377299402 0.5556240532354484 0.4957052548999191 0.29504374186681237 0.45705364819839567 0.07740670898478186 0.8932056676797566 0.14669124394947664 
0.7262062121820342 0.11282882019033824 0.5985756211966808 0.45464296362594203 0.5749830753593365 0.9394724606370902 0.26818559986923973 0.21287736564070914 0.8573480298975059 0.5605862929231104 0.7668540643401388 0.05177921844309652 
0.7310371672216701 0.5466537860821035 0.6475778448084332 0.4377219923440171 0.6452947111397802 0.3270895645106844 0.14650479898884539 0.3883041539903932 0.12802208732317255 0.0680330498712145 0.45867541653990385 0.48282854031010025 
0.12214277853558186 0.1346234344638676 0.16447825189995735 0.35947924179774704 0.6346239060042599 0.4161593910817122 0.9101722436790479 0.5555289092498032 0.7391078062097695 0.11216124607931488 0.25377140066373505 0.9129730445460538 
0.8162639293601028 0.8923477598226166 0.3873635465309717 0.254007851379654 0.7342091763832987 0.5175684861322319 0.6702381679285944 0.15782857106558357 0.6487771157195198 0.3902495827045088 0.6045402134628938 0.4334812746998665 
0.3610818204360515 0.13056548996685502 0.09757440640064863 0.442782802980522 0.47704627659804444 0.23651900027042871 0.17067730293223093 0.3737210139805688 0.48641437511736596 0.20087156296220698 0.6620100308132827 0.12320853127698739 
0.37583784004662313 0.8255138191097374 0.6033401785178519 0.8263771165398116 0.24928557820790687 0.38154105051450216 0.9944765160240686 0.3888252150165199 0.9988007290889134 0.04747240963950827 0.040754497676886436 0.8936082898108179 
0.7854229785527939 0.2577386640235382 0.030447680922523923 0.6252502468906925 0.9816291399418594 0.24630954003967154 0.9514654756033509 0.7609024204832988 0.6780638767825914 0.15860767883554006 0.9726138751909772 0.2929508598047248 
0.5343344036324248 0.7300150901400658 0.13576762769191753 0.2857841295395033 0.004485822455828181 0.5314319940315516 0.8217874133360342 0.5035225448060967 0.38856281744205834 0.2065354417401457 0.6934546787064123 0.6239601963214141 
0.8848151893758005 0.12738089014305964 0.023526868828827263 0.4086204427626494 0.35823067342322223 0.4820157990965156 0.6001793999527527 0.45250161318426363 0.9389667275651086 0.4701689277895448 0.18409541679331964 0.7021845966380039 
0.4406622127921651 0.23795338628865126 0.2006302455778627 0.1963857405063788 0.13057803678173108 0.30142111794095316 0.8723152952405264 0.4369510016676791 0.3968047367777062 0.1329224378333993 0.6253253818864928 0.49672586113870165 
0.5156545288500053 0.26144432487346025 0.9752738602600861 0.6388519668768589 0.6825238242536642 0.41159249071430226 0.18524357860004115 0.8052370508392745 0.09148095335741535 0.15508131910114775 0.7975337231485398 0.5441249434016676 
0.5108032628111858 0.5229490341946476 0.4774336312047287 0.9622219383291613 0.8420358384092461 0.9915297418637716 0.6620191083918984 0.29306408847238674 0.7389628909142113 0.15286169170610397 0.3791604405693354 0.03470613289284996 
0.30613288448602893 0.24207821993263645 0.4132889571819722 0.5676834748632869 0.010930854452748107 0.21236770560711182 0.6995716107757594 0.03589993678564429 0.8684455497276795 0.6110867196141097 0.8141057300215546 0.9712125362853298 
0.07723036575810516 0.9750679819795349 0.9767447892359473 0.6281330893802987 0.19256567492954801 0.04016548824610555 0.14759812431977837 0.49899049537443996 0.04776855387175871 0.8172252999370434 0.09587190388888112 0.9952882334549242 
0.63023707530789 0.023662044485706857 0.8291212619144194 0.12199158338065119 0.41295767627938096 0.7971542503629423 0.8420695925152165 0.22554438808781596 0.1068283105324066 0.027765247262749204 0.8684180942321096 0.4403799544289725 
0.10801321284193599 0.8301690688597396 0.11473616412146803 0.5269482297208491 0.6049680482189917 0.5039594551555621 0.36320513849140745 0.023958538820207598 0.42966507733297 0.14499663839211785 0.746163934520365 0.9962415084088474 
0.0317820330840084 0.2694020439866799 0.9098416289997919 0.030870108325452783 0.9662027642899544 0.23755188252990767 0.4640632919708124 0.01653383184482049 0.3064606466495656 0.5399182276005376 0.14251276022063852 0.7719877511781393 
0.5915583979338234 0.9211637726641763 0.3414973200068304 0.006118671395117903 0.31014627486599256 0.6080073977939223 0.05327182693789756 0.5454029046465649 0.8317481508438295 0.8819691548599337 0.19632416652070062 0.008383455162097153 
0.8781960803330985 0.589148866374648 0.01689844554630593 0.851022535647089 0.8583200213589735 0.5312249414841118 0.6137032434630695 0.7172013978361412 0.2892030343138817 0.9794788231600127 0.6409699251012416 0.20559585242911893 
0.9986537250401674 0.3043806154236397 0.7653309905255762 0.0216465758676313 0.558271819366117 0.8323725566350502 0.05474138590403843 0.2847661642131747 0.28298801327763856 0.6449790748609154 0.40864388169829113 0.4955759999934649 
0.48500905815830897 0.43480967244555957 0.41276663178666406 0.2939741027450289 0.8878439131613916 0.4650165669247356 0.4180787896209389 0.5522006461505387 0.6206385946859102 0.051391285165440115 0.3252328391887128 0.031956030100788735 
0.46540956693064506 0.7121532164211808 0.5411296561239894 0.5182716517329063 0.5842409408545215 0.9396151945430892 0.5368170120297849 0.6381757593865377 0.696518245145915 0.5974747896968268 0.8145702748725276 0.12299833963561335 
0.618462154492338 0.13263627285990087 0.5377740480988006 0.9941252416985421 0.731307599595965 0.5903046655411582 0.32599543418255983 0.9685102716887378 0.9655071603808658 0.5257896964583761 0.8263639912581847 0.06581537455346675 
0.9015500270418887 0.17607174171215179 0.7709313825809754 0.3952378823054912 0.7013547305581525 0.668778840399334 0.4400040217782929 0.666204856037102 0.0688127453796612 0.42417178617080453 0.7437015444935894 0.7093742169994368 
0.43627923141170044 0.15212989135327382 0.745213965178838 0.6508538331623733 0.6773362821023261 0.9052713344523067 0.15901362397574914 0.46629940075682175 0.44725947140579825 0.7681844062866527 0.061479921903206836 0.39920119237126883 
0.5165287625790502 0.37612890443838687 0.8497072121049348 0.6561534028599489 0.6238781086305604 0.36317718970145474 0.02540554515235216 0.04594836038407879 0.47231691074432824 0.09409986556210181 0.8405393963609321 0.23024097754365236 
0.1005377806180845 0.8929617942076997 0.04566441198354165 0.9201385075945007 0.909298940420221 0.9639847156598642 0.15216275373551624 0.6853768014541026 0.7695896418121478 0.9326453197953353 0.3321064072246962 0.07377590296210801 
0.949866529744173 0.118803059583803 0.30935375752091687 0.9019115878278158 0.46318680155673 0.040409829401114594 0.8556016666578099 0.7037548309678235 0.6768315170188736 0.5546984859445591 0.4711137530145001 0.5682410597812495 
0.03348420986969225 0.7732430618294023 0.023148333396119547 0.5040332785763039 0.8344026040733684 0.7453895013395726 0.2841164776761842 0.4667530898991712 0.9756243233666901 0.7182085133670381 0.3452298748776299 0.8314954314901987 
0.20914709423157618 0.34749634117301875 0.13790571388488138 0.866272818458837 0.5982931203464769 0.35879136297015424 0.6609270959212403 0.6723740734705633 0.17287569508606127 0.10145491691538988 0.15276435561606028 0.7949361299202052 
0.9919213352826599 0.2727052985546765 0.4491685773482087 0.590066586985798 0.006136792287563697 0.48485147620407976 0.8164213029419003 0.9173374708410096 0.3274558986165036 0.5749086327168708 0.0778035089300223 0.754837621428288 
0.8046664125624975 0.5474710875692212 0.9033168233533109 0.3343521994488584 0.973315044254542 0.4128488070408677 0.27749245627360963 0.9459273644977417 0.207898840605527 0.7491472322117555 0.6682506716365247 0.048488494118454684 
0.5828963681031334 0.25458625361961484 0.08676493003307562 0.5485616936569954 0.9862622768104203 0.7518197568393492 0.0937174878602628 0.8559055909883927 0.695692434779616 0.9291246458594331 0.7565990951433461 0.9905518799112846 
0.4794500651136867 0.9192820023299499 0.07230750001337927 0.38385631391817965 0.37191483062308794 0.418646624449331 0.9316546379579665 0.401568976675277 0.9300068732793544 0.11712558624708147 0.9300424487099521 0.31030286885169955 
0.07803072781810694 0.4177878198509485 0.08611076505298565 0.5528932232583945 0.16650207880563994 0.04311637308085603 0.8982038474223971 0.4167997075662838 0.7534761425685927 0.6609419411263648 0.24953769714421759 0.4942995962927952 
0.3369712378282136 0.8450299708276303 0.943599584698324 0.20299380209378282 0.6591568844806913 0.8231829834703215 0.40309743588722047 0.6174642142898669 0.7861912371062294 0.4043097507389063 0.6630121754028424 0.33481807922276074 
0.8597046364226612 0.8598165994447561 0.6550056173471325 0.5826451534061156 0.6251342985556687 0.15028464669605757 0.16609666053684957 0.5011101110510221 0.4258229889067108 0.2990239965127778 0.49196268051762515 0.4148485190111356 
0.07323276818078328 0.010875620160762378 0.752092850081292 0.7261308437656503 0.0974422106626548 0.1673688964409631 0.07635262922646624 0.3018177880400831 0.28611626290714987 0.9795465631792734 0.7089026552202455 0.08382854522657024 
0.0719500015353054 0.5417523772305209 0.2750012559322219 0.5344804328409659 0.3049081501542834 0.160018222155642 0.9119340672812574 0.9166777087999264 0.6602877761462749 0.25386922674561674 0.6745393982880148 0.6282678540697204 
0.8249710792416138 0.40592408740552144 0.0013832924873007357 0.9348110973607145 0.1520954864815628 0.3269306998518321 0.26061860860174735 0.5589137079204805 0.9640530215190506 0.4940911468735373 0.5753283392541211 0.7512329819350161 
0.8613450586566995 0.34246295835764495 0.2517108042652635 0.09940160058462288 0.5029939532472004 0.4228840119415034 0.9430269276227348 0.1995288232984812 0.40113639060151574 0.9081057551181008 0.9968664444859483 0.32531356745444373 
0.7601725731313281 0.49972681856372136 0.4910118915459962 0.146928510031215 0.16503198066579305 0.15422991040938827 0.35456583654138685 0.4519619122402819 0.7880398285622414 0.232039696892113 0.5221138714085337 0.416135914505947 
0.21500757056976671 0.9593548296824381 0.03440545864188638 0.8801449625946505 0.20590870197304512 0.6609445332850669 0.12892307391257063 0.34222355393203974 0.8738648653307062 0.6263746777228651 0.3080417056683351 0.8347046547011983 
0.15176149414992923 0.416950890236205 0.16927588460027865 0.10694071671440175 0.5095074176222217 0.47403794366033214 0.470405242700227 0.9539621751652395 0.21334346392505932 0.7027714004686015 0.6299816150730291 0.9107947853458851 
0.04561103803198063 0.5245082492785941 0.08390805892440012 0.28818244490049216 0.9143838059690542 0.6223099080224455 0.5191215047246598 0.4685980930269388 0.6253361265423983 0.7913598949162878 0.6682892985460022 0.27112251779157415 
0.5260760373865297 0.03025293869820256 0.294195673887114 0.39859833749587903 0.5228285008256162 0.8549083247542167 0.8062103979660886 0.28638335463866205 0.7882404910773947 0.5169468949581859 0.25423719531990796 0.10861887237740764 
0.5952537345844285 0.9274536629616879 0.7041317696378413 0.9438572519916208 0.6077300654394795 0.7938260064835015 0.6958860658451069 0.49075673665549935 0.40906933209948804 0.0887850676783627 0.537619403427043 0.3898220154934927 
0.6028470365260409 0.3119706152338372 0.5796691914435922 0.22777634022698612 0.785213204842719 0.9797963299469815 0.3455510961838406 0.13056753559754297 0.38103539352288396 0.5899938217562158 0.2552702223023138 0.3654190712829245 
0.8751515081157984 0.02650851220355166 0.509211694287218 0.7589141484769807 0.022251549633549583 0.11696877886238355 0.3497249721868737 0.11543891717910604 0.9951229912460374 0.7505630414734492 0.5245617904755615 0.019462871496404577 
0.2071508894908226 0.8889289015833466 0.3975597863154122 0.006146690073568828 0.6884929685990206 0.9255714216077335 0.3955085017889868 0.6492175451753186 0.7042018521308981 0.14332811519356525 0.15740942954269166 0.9797568166384183 
0.779701885762537 0.777171660351444 0.029326342600414 0.4946953453246363 0.1372684164575244 0.7588939001905339 0.3266983692829696 0.8120147457825818 0.7090087783918039 0.19329421051817164 0.08316827496391799 0.774363134987097 
0.4887351763542843 0.6018278350721528 0.011509545784075814 0.08263837760479387 0.8491264348280223 0.4642505938857592 0.2073385347370541 0.6627530700585186 0.875467339312694 0.08444822503342087 0.6278037753000273 3.951330856322155E-5 
0.5658492104213036 0.35339587524609894 0.35170905092246996 0.09529847643157952 0.11800180584478936 0.6065251710923906 0.5484531388328289 0.21449376642096984 0.8002029158954141 0.565619937958809 0.9390832746696316 0.3426056438752866 
0.8609897958325894 0.10392937139503022 0.9124846136412436 0.9014366066454269 0.06031119658980233 0.8121243367593505 0.544397819432304 0.013461562270652538 0.31311156128199136 0.37834291477354154 0.6884534552904574 0.3597222111864299 
0.04211262654288783 0.29750849425284864 0.6089033756993186 0.02532630934877589 0.5508842584503011 0.4313036778055894 0.5652081193415671 0.9769687444560299 0.46370640464160495 0.5556120706550047 0.7946627725822378 0.8979041043579445 
0.6599708390536634 0.7080853743875516 0.7965241647505603 0.29185760387274473 0.022857078374115658 0.9622387982277465 0.9443373569219803 0.5883662728015002 0.6983979845020845 0.7042954628312523 0.16067297953756488 0.10452838269932929 
0.16522590819416627 0.36524457580566994 0.2665639636133754 0.05912191568464498 0.0769195168497262 0.5687358355029738 6.410910797365332E-4 0.37642713079006906 0.888002646280865 0.5396864057765748 0.32333903326255153 0.708621066734446 
0.8884822997791655 0.5064083920334183 0.0036787511448538313 0.2737623340860643 0.9162261962955159 0.3803668456475401 0.9166524389106091 0.40553138689294577 0.20818915080999123 0.740763627107862 0.955782813890473 0.6468984285651842 
0.1791532436266341 0.7468975986572771 0.2539896455973464 0.30142339792381534 0.11971761978748363 0.35908112010669335 0.6656854957528188 0.40950584797198364 0.06921696992274384 0.7019872760862244 0.8422631917158551 0.5428213780264239 
0.058799727308148864 0.973289993311176 0.18994407055554063 0.6393858743594888 0.41429592693469774 0.9812516654473354 0.5816095816258574 0.3025539874946058 0.5883350139405691 0.5510939767648827 0.06707426448364262 0.3153403696625623 
0.7651841132953462 0.8414686741442231 0.4444083389047381 0.402872064907437 0.040955359750081244 0.7454472625926359 0.4995404124413475 0.9557387278336863 0.19734699369063158 0.3571346395984206 0.23465632513387114 0.025914457476549857 
0.9418413637715877 0.403137137478893 0.6980585757253244 0.900300531417086 0.9090431063278538 0.7273694012871106 0.3068727181533081 0.20385440453881243 0.41534373720428475 0.7226683573211816 0.8491519318118733 0.0650264759849778 
0.1514683256152629 0.9611230479882077 0.8053170859025542 0.6998082673577808 0.2103355512978371 0.1473580161238367 0.2234145157929478 0.5495506049666455 0.8968550059989258 0.0667670727899442 0.09380316231093377 0.4172397563351057 
0.26254835827392575 0.7114472722466593 0.16891643850565785 0.7929441697583706 0.11489379042874448 0.23594865987311586 0.8549453227693364 0.5579462561068913 0.467275713234359 0.7902339425476155 0.34926945094971995 0.8297833398320725 
0.34471699834227454 0.34143093950639813 0.7830179280380148 0.8512857094071019 0.8567387131858055 0.1679823535387256 0.5417695975023984 0.29191806917757757 0.5475533329058123 0.3361049921174928 0.9471521974391475 0.32820750625753026 
0.23699205416742175 0.24429145558702703 0.028430555184973727 0.5641904698400501 0.11976253470512666 0.789965797603434 0.08689604100225123 0.8451908813720017 0.23078286249096536 0.11006658886947052 0.5597736553781338 0.897586061455038 
0.9621557198110335 0.8624234650324143 0.6323258091662699 0.8713826479140797 0.9924132186260678 0.8970441224462522 0.6096987281128645 0.4135697150823954 0.46921209378506146 0.7526560699186333 0.8821280450403068 0.910365961956415 
0.9791230602059208 0.5211200497816718 0.3326645361588757 0.9470045380848175 0.3038373647074998 0.33034371533285445 0.41735747690192404 0.4806644097556939 0.058849849636187335 0.23317051438023673 0.21730772897370643 0.2737929400620823 
0.9925218577369221 0.9256204469406214 0.5958930653202793 0.7978207239215477 0.45222532850346775 0.220084611719208 0.39974248423626924 0.9278612244240028 0.3138058342529534 0.09862963948846859 0.9746106681454987 0.25761639158231064 
0.5626465372964776 0.7707980193959058 0.21488879674693662 0.38910045403267524 0.6433148327316477 0.9978637909246758 0.8196345772654977 0.7636270458313331 0.9695807055487864 0.33101995545981333 0.9024548057314202 0.5161728575413517 
0.09437418326532909 0.9195704344313803 0.634889797170686 0.31224586494792284 0.10754832687466609 0.67750144973583 0.5624132355747643 0.9345622406084115 0.3185199749133165 0.7727530084256111 0.017802550480569113 0.6394277308639416 
0.047052190816386896 0.19868091833545876 0.08011163975238622 0.10934123718698563 0.884264254115631 0.09073138469091724 0.21549601437458765 0.5515393442328854 0.0016445806990623701 0.04454973235339732 0.7876645071661481 0.23596953206752536 
0.49778704247054373 0.8457746125850079 0.7466039846882645 0.12562218750557064 0.5398062792378764 0.711379704487318 0.05795961712851061 0.6071004720273049 0.8231400568946682 0.7800181734409786 0.8127975976395262 0.17303242090282112 
0.22556598952616969 0.729180306088544 0.23369419450056717 0.989288402301483 0.09034641402986765 0.1668850068913934 0.34715052292188997 0.21925867516302033 0.21324421604787425 0.3445507216792779 0.8556503255654996 0.7618942588571505 
0.321847534794954 0.9178524332463253 0.2229767208605219 0.2053977679542427 0.36264852649354384 0.8047931530540336 0.03641456613681848 0.31246996240407543 0.8117497402760179 0.5322276915069443 0.2947507292351399 0.5044690288330089 
0.3368472460485946 0.20538193451986753 0.08482578041274935 0.7834646061241282 0.9274561364507015 0.47254272397254815 0.6999016678944969 0.9854367022875845 0.7355609180731083 0.25369091162148605 0.12236999525848058 0.7688838498959633 
0.2976435811282624 0.3285626233723635 0.7962468127448197 0.6819012058598535 0.9828713541121145 0.19955496593070687 0.1853170800664683 0.034024872308989984 0.21437629318132023 0.8308714582704307 0.03533725040486746 0.3745324584387234 
0.8525776826086431 0.5222746916145555 0.03967545077054002 0.8525620369902771 0.34025487366697804 0.4731307530083242 0.27064816997909047 0.7437436038009595 0.49813327642745886 0.7355974906799969 0.9679764187713871 0.39800115699543015 
0.04950694179362758 0.8906960517906568 0.41699740330305457 0.6626495158194244 0.8727789714533851 0.5623392929264436 0.13653045472848568 0.8838275609373353 0.008600427679201661 0.37452630968381195 0.3273112760886764 0.43026069461531025 
0.1838368835281754 0.7901952707895199 0.7720742895054779 0.6796656545166672 0.9544958555681619 0.031338275824684736 0.06619907606950415 0.46163833071890803 0.5866925039852905 0.04786711544413125 0.9594797176793144 0.074541566977118 
0.6503947261008693 0.5684392989845299 0.07291140225368387 0.3809119401681009 0.560030702332037 0.6323533951674776 0.4138160201909271 0.31996219569316187 0.4217205030610077 0.3545899297711771 0.5526106594968042 0.015718082402531475 
0.3951218092769484 0.26195058280351213 0.5347106386646531 0.8763756027022689 0.003998974580182724 0.30833338236921926 0.39093935188973505 0.935582187629265 0.9918083353264088 0.8930823193109627 0.26571330668986004 0.8227360269074548 
0.20642640222266806 0.17530430481642956 0.425221874173775 0.354685550511896 0.40794571643935007 0.7656477618279526 0.6356909216027005 0.5707338560974949 0.9952769002420468 0.30805958604824735 0.3201683119565809 0.5466212105239121 
0.7414086454515373 0.6218769781338231 0.4738897890145486 0.49815070698154307 0.32331230150849366 0.12192731224609099 0.7928975316384403 0.8546130831602549 0.7802659541790691 0.7865833352057044 0.6887825488783018 0.2086022489172299 
0.8597726738468361 0.2863340259024785 0.1614706298115155 0.6931815649322353 0.5515340012399643 0.3088938051491654 0.014703804498168882 0.5731623987424831 0.7648518162054365 0.06074362821152002 0.013409491808124896 0.8909447497159403 
0.791939042057104 0.8460724066786133 0.9235697960794647 0.03127762826268343 0.4306833472507132 0.22282055076409113 0.5405087261166935 0.48168462862444306 0.7481273034589486 0.18759305382396707 0.7953967256629528 0.44856070852238317 
